1.29
0
50
100
2.115
0
50
50
2.243
0
50
100
2.546
0
50
50
2.871
0
50
50
3.147
0
50
50
4.118
0
50
100
5.184
0
50
100
5.956
0
50
50
6.179
0
50
100
6.533
0
50
50
6.886
0
50
50
7.16
0
50
50
8.175
0
50
100
9.276
0
50
100
9.937
0
100
100
10.145
0
100
150
10.484
0
100
100
10.805
0
100
100
11.084
0
100
100
12.162
0
50
150
13.091
0
50
100
13.831
0
100
100
14.065
0
100
150
14.405
0
100
100
14.743
0
100
100
15.018
0
100
100
16.017
0
50
150
16.988
0
50
100
17.76
0
100
100
17.969
0
100
150
18.339
0
100
100
18.65
0
100
100
18.907
0
100
100
19.891
0
50
150
20.909
0
50
100
21.603
0
100
100
21.797
0
100
150
22.119
0
100
100
22.453
0
100
100
22.716
0
100
100
23.651
0
50
150
24.665
0
50
100
25.36
0
100
100
25.572
0
100
150
25.942
0
100
100
26.278
0
100
100
26.522
0
100
100
27.424
0
50
150
28.443
0
50
100
29.186
0
100
100
29.376
0
100
150
29.781
0
100
100
30.084
0
100
100
30.321
0
100
100
31.297
0
50
150
32.299
0
50
100
33.022
0
100
100
33.233
0
100
150
33.588
0
100
100
33.879
0
100
100
34.131
0
100
100
35.154
0
50
150
36.172
0
50
100
36.928
0
100
100
37.088
0
100
150
37.428
0
100
100
37.739
0
100
100
38.012
0
100
100
39.041
0
50
150
40.032
0
50
100
40.734
0
100
100
40.961
0
100
150
41.319
0
100
100
41.657
0
100
100
41.963
0
100
100
42.915
0
50
150
43.905
0
50
100
44.673
0
100
100
44.869
0
100
150
45.209
0
100
100
45.519
0
100
100
45.761
0
100
100
46.783
0
50
150
47.784
0
100
100
48.029
0
100
100
48.271
0
100
100
48.548
0
100
100
48.791
0
100
100
49.063
0
100
100
49.341
0
100
100
49.577
0
100
100
49.853
0
150
150
50.112
0
150
150
50.368
0
150
150
50.626
0
150
150
50.885
0
150
150
51.128
0
150
150
51.363
0
150
150
51.57
0
150
150
51.819
0
50
50
52.584
0
50
50
52.809
0
50
50
53.162
0
50
50
53.451
0
50
50
53.723
0
50
50
54.762
0
50
50
55.708
0
50
50
56.432
0
50
50
56.66
0
50
50
57
0
50
50
57.322
0
50
50
57.616
0
50
50
57.989
0
50
50
58.34
0
50
50
58.614
0
50
50
59.082
0
50
50
59.615
0
50
50
60.402
0
50
50
60.631
0
50
50
60.986
0
50
50
61.291
0
50
50
61.532
0
50
50
62.49
0
50
50
63.553
0
50
50
64.372
0
50
50
64.498
0
50
50
64.841
0
50
50
65.163
0
50
50
65.442
0
50
50
65.81
0
50
50
66.117
0
50
50
66.374
0
50
50
66.843
0
50
50
67.456
0
50
50
67.7
0
50
50
67.954
0
50
50
68.212
0
50
50
68.456
0
50
50
68.71
0
50
50
68.94
0
50
50
69.182
0
50
50
69.456
0
50
50
69.714
0
50
50
69.973
0
50
50
70.231
0
50
50
70.454
0
50
50
70.698
0
50
50
70.942
0
50
50
71.166
0
50
50
71.423
0
50
50
72.201
0
50
50
72.426
0
50
50
72.812
0
50
50
73.134
0
50
50
73.441
0
50
50
74.469
0
50
50
75.538
0
50
50
76.329
0
50
50
76.57
0
50
50
76.896
0
50
50
77.25
0
50
50
77.524
0
50
50
78.463
0
50
50
79.637
0
50
50
80.394
0
50
50
80.618
0
50
50
80.99
0
50
50
81.346
0
50
50
81.592
0
50
50
82.553
0
50
50
83.574
0
50
50
84.316
0
50
50
84.545
0
50
50
84.879
0
50
50
85.238
0
50
50
85.461
0
50
50
86.478
0
50
50
87.512
0
50
50
88.302
0
50
50
88.51
0
50
50
88.868
0
50
50
89.171
0
50
50
89.429
0
50
50
90.4
0
50
50
91.404
0
50
50
92.141
0
50
50
92.383
0
50
50
92.739
0
50
50
93.028
0
50
50
93.303
0
50
50
94.273
0
50
50
95.269
0
50
50
96.014
0
50
50
96.253
0
50
50
96.578
0
50
50
96.903
0
50
50
97.16
0
50
50
98.162
0
50
50
99.178
0
50
50
99.937
0
50
50
100.195
0
50
50
100.531
0
50
50
100.869
0
50
50
101.11
0
50
50
102.032
0
50
50
103.033
0
50
50
103.805
0
50
50
104.016
0
50
50
104.372
0
50
50
104.713
0
50
50
104.953
0
50
50
105.951
0
50
50
106.954
0
50
50
107.712
0
50
50
107.936
0
50
50
108.274
0
50
50
108.598
0
50
50
108.874
0
50
50
109.793
0
50
50
110.809
0
50
50
111.519
0
50
50
111.746
0
50
50
112.116
0
50
50
112.396
0
50
50
112.664
0
50
50
113.637
0
50
50
114.616
0
50
50
115.345
0
50
50
115.57
0
50
50
115.924
0
50
50
116.247
0
50
50
116.489
0
50
50
117.394
0
50
50
118.523
0
50
50
118.75
0
50
50
119.023
0
50
50
119.295
0
50
50
119.549
0
50
50
119.825
0
50
50
120.085
0
50
50
120.342
0
50
50
120.585
0
50
50
120.808
0
50
50
121.071
0
50
50
121.329
0
50
50
121.568
0
50
50
121.815
0
50
50
122.039
0
50
50
122.282
0
50
50
122.536
0
50
50
123.265
0
50
50
123.498
0
50
50
123.848
0
50
50
124.151
0
50
50
124.409
0
50
50
125.411
0
50
50
126.363
0
50
50
127.145
0
50
50
127.431
0
50
50
127.762
0
50
50
128.088
0
50
50
128.413
0
50
50
128.749
0
50
50
129.074
0
50
50
129.364
0
50
50
129.882
0
50
50
130.404
0
50
50
131.158
0
50
50
131.393
0
50
50
131.722
0
50
50
132.024
0
50
50
132.334
0
50
50
133.304
0
50
50
134.239
0
50
50
135.029
0
50
50
135.308
0
50
50
135.623
0
50
50
135.944
0
50
50
136.238
0
50
50
136.622
0
50
50
136.977
0
50
50
137.222
0
50
50
137.739
0
50
50
138.222
0
50
50
138.95
0
50
50
139.208
0
50
50
139.56
0
50
50
139.88
0
50
50
140.16
0
50
50
141.095
0
50
50
142.081
0
50
50
142.841
0
50
50
143.077
0
50
50
143.447
0
50
50
143.771
0
50
50
144.06
0
50
50
144.43
0
50
50
144.756
0
50
50
145.048
0
50
50
145.564
0
50
50
146.059
0
50
50
146.584
0
50
50
146.954
0
50
50
147.12
0
50
50
147.483
0
50
50
147.764
0
50
50
148.047
0
50
50
148.966
0
50
50
149.916
0
50
50
150.673
0
50
50
150.923
0
50
50
151.293
0
50
50
151.608
0
50
50
151.933
0
50
50
152.289
0
50
50
152.661
0
50
50
152.942
0
50
50
153.423
0
50
50
153.956
0
50
50
154.19
0
50
50
154.437
0
50
50
154.709
0
50
50
154.963
0
50
50
155.227
0
50
50
155.467
0
50
50
155.708
0
50
50
155.984
0
50
50
156.234
0
50
50
156.472
0
50
50
156.729
0
50
50
157.014
0
50
50
157.242
0
50
50
157.484
0
50
50
157.89
0
50
50
158.685
0
50
50
158.92
0
50
50
159.292
0
50
50
159.645
0
50
50
159.956
0
50
50
160.991
0
50
50
161.986
0
50
50
162.939
0
50
50
163.196
0
50
50
163.518
0
50
50
163.84
0
50
50
164.098
0
50
50
165.071
0
50
50
166.248
0
50
50
166.92
0
50
50
167.154
0
50
50
167.522
0
50
50
167.846
0
50
50
168.102
0
50
50
169.053
0
50
50
170.05
0
50
50
170.852
0
50
50
171.068
0
50
50
171.44
0
50
50
171.757
0
50
50
172.006
0
50
50
172.928
0
50
50
173.92
0
50
50
174.732
0
50
50
174.94
0
50
50
175.295
0
50
50
175.586
0
50
50
175.86
0
50
50
